p[GeV]           lambdabar1        lambdabar2      lambdabar3      lambdabar4     lambdabar5      lambdabar6      lambdabar7      lambdabar8
1.0087200E-02	8.4206300E-02	-1.0996400E-04	-1.2829200E-04	-3.2330400E-04	1.2739200E-04	4.9091400E-05	3.3765000E-04	7.4123700E-04 
1.0467500E-02	8.7409900E-02	-1.1835800E-04	-1.3315300E-04	-3.4819000E-04	1.3729900E-04	5.4803800E-05	3.6343900E-04	7.6958000E-04 
1.1184900E-02	9.3458700E-02	-1.3504800E-04	-1.4232500E-04	-3.9765800E-04	1.5703000E-04	6.6734700E-05	4.1472000E-04	8.2313700E-04 
1.2300700E-02	1.0288100E-01	-1.6323100E-04	-1.5659600E-04	-4.8115500E-04	1.9045100E-04	8.8477200E-05	5.0133700E-04	9.0668200E-04 
1.3913500E-02	1.1653000E-01	-2.0875700E-04	-1.7722400E-04	-6.1594500E-04	2.4470500E-04	1.2735300E-04	6.4130800E-04	1.0300000E-03 
1.6171500E-02	1.3569800E-01	-2.8204100E-04	-2.0609400E-04	-8.3272400E-04	3.3269400E-04	1.9821300E-04	8.6676300E-04	1.2000000E-03 
1.9292600E-02	1.6230300E-01	-4.0172900E-04	-2.4593400E-04	-1.1900000E-03	4.7812800E-04	3.3171200E-04	1.2400000E-03	1.4400000E-03 
2.3593300E-02	1.9898100E-01	-6.0122000E-04	-3.0030900E-04	-1.7700000E-03	7.2432100E-04	5.9170100E-04	1.8500000E-03	1.7700000E-03 
2.9532400E-02	2.4996700E-01	-9.4350900E-04	-3.7456400E-04	-2.7800000E-03	1.1600000E-03	1.1100000E-03	2.9100000E-03	2.2400000E-03 
3.7774600E-02	3.2130800E-01	-1.5500000E-03	-4.7517600E-04	-4.5500000E-03	1.9500000E-03	2.1800000E-03	4.7900000E-03	2.9000000E-03 
4.9283200E-02	4.2229100E-01	-2.6400000E-03	-6.0949200E-04	-7.7600000E-03	3.4600000E-03	4.3400000E-03	8.2300000E-03	3.8700000E-03 
6.5454700E-02	5.6459100E-01	-4.6700000E-03	-7.7959000E-04	-1.3650000E-02	6.4300000E-03	8.6000000E-03	1.4700000E-02	5.3000000E-03 
8.8310700E-02	7.6720200E-01	-8.4900000E-03	-9.8199800E-04	-2.4690000E-02	1.2350000E-02	1.6580000E-02	2.7260000E-02	7.4900000E-03 
1.2076900E-01	1.0520100E+00	-1.5670000E-02	-1.2000000E-03	-4.5320000E-02	2.3770000E-02	3.0500000E-02	5.2310000E-02	1.1010000E-02 
1.6701500E-01	1.4491700E+00	-2.9030000E-02	-1.4100000E-03	-8.3410000E-02	4.5130000E-02	5.2920000E-02	1.0393000E-01	1.7050000E-02 
2.3301100E-01	1.9551900E+00	-5.1830000E-02	-1.5800000E-03	-1.4793000E-01	8.1080000E-02	8.3990000E-02	2.0946000E-01	2.7020000E-02 
3.2714900E-01	2.5109300E+00	-8.4370000E-02	-1.4800000E-03	-2.3861000E-01	1.4685000E-01	1.1876000E-01	4.1228000E-01	3.9640000E-02 
4.6107400E-01	2.9419500E+00	-1.1392000E-01	-7.1239400E-04	-3.1597000E-01	2.0047000E-01	1.4427000E-01	7.1598000E-01	4.4060000E-02 
6.5065400E-01	3.0281600E+00	-1.1415000E-01	-3.7400400E-04	-2.9419000E-01	2.3922000E-01	1.4434000E-01	9.7520000E-01	2.9890000E-02 
9.1701400E-01	2.8472300E+00	-8.2130000E-02	-1.4880100E-04	-1.8019000E-01	2.3576000E-01	1.2159000E-01	9.7618000E-01	1.1820000E-02 
1.2874900E+00	2.5810100E+00	-4.5150000E-02	-1.8112000E-05	-7.5650000E-02	1.9741000E-01	9.1630000E-02	7.7733000E-01	3.3700000E-03 
1.7962400E+00	2.2412200E+00	-1.9970000E-02	-3.6323600E-06	-2.3600000E-02	1.3683000E-01	6.2880000E-02	5.2231000E-01	7.8535200E-04 
2.4840900E+00	1.92388500E+00	-7.9300000E-03	-5.4851300E-06	-6.2100000E-03	1.0931000E-01	4.1410000E-02	3.3026000E-01	1.8079800E-04 
3.3971000E+00	1.638620300E+00	-3.0200000E-03	-3.8081900E-06	-1.4400000E-03	6.0280000E-02	2.6700000E-02	2.0727000E-01	4.3718300E-05 
4.5833200E+00	1.4358900E+00	-1.1600000E-03	-1.7809000E-06	-2.4824900E-04	3.3380000E-02	1.7320000E-02	1.3272000E-01	1.2397500E-05 
6.0872700E+00	1.29050700E+00	-4.5586700E-04	-7.9955500E-07	3.4857900E-05	1.7670000E-02	1.1410000E-02	8.4970000E-02	4.6835100E-06 
7.9418400E+00	1.183942200E+00	-1.8467400E-04	-3.4293500E-07	9.2494500E-05	1.1590000E-02	7.6300000E-03	5.2930000E-02	2.2066200E-06 
1.0158300E+01	1.110914100E+00	-7.8944400E-05	-1.4432000E-07	9.3969900E-05	8.5100000E-03	5.1800000E-03	3.2390000E-02	1.0514500E-06 
1.2715500E+01	1.058900E+00	-3.6858900E-05	-6.5454100E-08	8.3011000E-05	6.4500000E-03	3.5500000E-03	1.9300000E-02	7.9380300E-07 
1.5550000E+01	1.019916838E+00	-1.8695000E-05	-3.2260400E-08	7.1094000E-05	4.7700000E-03	2.4600000E-03	1.1240000E-02	6.9115000E-07 
1.8551200E+01	9.7856700E-01	-1.0461400E-05	-1.7433000E-08	6.1208900E-05	2.2100000E-03	1.7200000E-03	6.4200000E-03	4.0832100E-07 
2.1561900E+01	9.570900E-01	-6.4485500E-06	-1.0337200E-08	5.3499500E-05	9.8661100E-04	1.2100000E-03	3.5300000E-03	2.2832700E-07 
2.4388800E+01	9.3806500E-01	-4.3491500E-06	-6.7517800E-09	4.7794300E-05	3.3646200E-04	8.6654100E-04	1.7600000E-03	1.3235000E-07 
2.6821900E+01	9.2545500E-01	-3.1542000E-06	-4.8661300E-09	4.3757900E-05	8.2356200E-05	6.3600900E-04	5.2041600E-04	8.7468700E-08 
2.8660100E+01	9.1802000E-01	-2.3520800E-06	-3.8752000E-09	4.1128700E-05	6.1128700E-05	4.9667900E-04	-7.3182100E-04	6.5845900E-08 
2.9740600E+01	9.106372300E-01	-4.6113600E-06	-3.4134000E-09	0.0000000E+00	1.0000000E-05	4.2773200E-04	0.0000000E+00	5.6295400E-08 
3.1740600E+01	9.03372300E-01	-4.3113600E-06	-3.1134000E-09	0.0000000E+00	0.0000000E+00	3.773200E-04	0.0000000E+00	5.6295400E-08 
3.4740600E+01	8.892300E-01	-4.1113600E-06	-2.7134000E-09	0.0000000E+00	0.0000000E+00	3.2773200E-04	0.0000000E+00	5.6295400E-08 
3.6740600E+01	8.88300E-01  	-3.6113600E-06	-2.4134000E-09	0.0000000E+00	0.0000000E+00	2.773200E-04	0.0000000E+00	5.6295400E-08 
3.8740600E+01	8.8530300E-01  	-2.1113600E-06	-2.1134000E-09	0.0000000E+00	0.0000000E+00	2.2773200E-04	0.0000000E+00	5.6295400E-08 
4.0740600E+01	8.8272300E-01	-1.6113600E-06	-1.6134000E-09	0.0000000E+00	0.0000000E+00	1.5773200E-04	0.0000000E+00	5.6295400E-08 


		




































							
